中心点的像素是：[97, 162, 190]
坐标位置为：[406,731]  [97, 162, 190]0
坐标位置为：[407,731]  [103, 166, 194]10.3923
坐标位置为：[408,731]  [108, 166, 195]19.0526
坐标位置为：[409,731]  [105, 163, 192]13.8564
坐标位置为：[410,731]  [103, 163, 192]10.3923
坐标位置为：[411,731]  [106, 169, 197]15.5885
坐标位置为：[412,731]  [103, 170, 197]10.3923
坐标位置为：[413,731]  [95, 166, 193]3.4641
坐标位置为：[414,731]  [95, 169, 195]3.4641
坐标位置为：[415,731]  [93, 168, 194]6.9282
坐标位置为：[416,731]  [89, 169, 192]13.8564
坐标位置为：[417,731]  [91, 171, 194]10.3923
坐标位置为：[418,731]  [97, 176, 197]0
坐标位置为：[419,731]  [105, 180, 202]13.8564
坐标位置为：[420,731]  [113, 180, 203]27.7128
坐标位置为：[421,731]  [121, 178, 200]41.5692
坐标位置为：[422,731]  [125, 174, 196]48.4974
坐标位置为：[423,731]  [129, 173, 196]55.4256
坐标位置为：[424,731]  [128, 174, 198]53.6936
坐标位置为：[425,731]  [128, 176, 200]53.6936
坐标位置为：[426,731]  [125, 177, 200]48.4974
坐标位置为：[427,731]  [119, 173, 196]38.1051
坐标位置为：[428,731]  [111, 167, 192]24.2487
坐标位置为：[429,731]  [109, 165, 190]20.7846
坐标位置为：[430,731]  [109, 164, 191]20.7846
坐标位置为：[431,731]  [107, 162, 189]17.3205
坐标位置为：[432,731]  [111, 166, 193]24.2487
坐标位置为：[433,731]  [111, 166, 193]24.2487
坐标位置为：[434,731]  [107, 162, 189]17.3205
坐标位置为：[435,731]  [109, 166, 192]20.7846
坐标位置为：[436,731]  [113, 170, 196]27.7128
坐标位置为：[437,731]  [108, 165, 191]19.0526
坐标位置为：[438,731]  [107, 164, 190]17.3205
坐标位置为：[439,731]  [106, 166, 190]15.5885
坐标位置为：[440,731]  [102, 167, 188]8.66025
坐标位置为：[441,731]  [100, 165, 186]5.19615
坐标位置为：[442,731]  [105, 165, 187]13.8564
坐标位置为：[443,731]  [113, 167, 192]27.7128
坐标位置为：[444,731]  [122, 167, 194]43.3013
坐标位置为：[445,731]  [126, 165, 193]50.2295
坐标位置为：[446,731]  [129, 163, 186]55.4256
坐标位置为：[447,731]  [136, 166, 183]67.55
坐标位置为：[448,731]  [138, 163, 173]71.0141
坐标位置为：[449,731]  [163, 179, 185]114.315
坐标位置为：[450,731]  [237, 246, 249]242.487
坐标位置为：[451,731]  [248, 252, 253]261.54
坐标位置为：[452,731]  [255, 254, 255]273.664
坐标位置为：[453,731]  [214, 218, 223]202.65
坐标位置为：[454,731]  [168, 182, 194]122.976
坐标位置为：[455,731]  [163, 181, 198]114.315
坐标位置为：[456,731]  [161, 180, 201]110.851
坐标位置为：[457,731]  [154, 175, 196]98.7269
坐标位置为：[458,731]  [151, 175, 195]93.5307
坐标位置为：[459,731]  [149, 178, 199]90.0666
坐标位置为：[460,731]  [143, 176, 202]79.6743
坐标位置为：[461,731]  [136, 173, 201]67.55
坐标位置为：[462,731]  [130, 169, 197]57.1577
坐标位置为：[463,731]  [134, 167, 193]64.0859
坐标位置为：[464,731]  [139, 160, 182]72.7461
坐标位置为：[465,731]  [169, 179, 197]124.708
坐标位置为：[466,731]  [244, 248, 255]254.611
坐标位置为：[467,731]  [247, 249, 255]259.808
坐标位置为：[468,731]  [224, 228, 239]219.97
坐标位置为：[469,731]  [156, 169, 185]102.191
坐标位置为：[470,731]  [144, 175, 196]81.4064
坐标位置为：[471,731]  [129, 173, 196]55.4256
坐标位置为：[472,731]  [121, 170, 192]41.5692
坐标位置为：[473,731]  [119, 174, 195]38.1051
坐标位置为：[474,731]  [121, 178, 199]41.5692
坐标位置为：[475,731]  [119, 178, 198]38.1051
坐标位置为：[476,731]  [121, 176, 197]41.5692
坐标位置为：[477,731]  [120, 173, 194]39.8372
坐标位置为：[478,731]  [125, 175, 197]48.4974
坐标位置为：[479,731]  [128, 177, 199]53.6936
坐标位置为：[480,731]  [126, 175, 197]50.2295
坐标位置为：[481,731]  [125, 174, 196]48.4974
坐标位置为：[482,731]  [126, 175, 197]50.2295
坐标位置为：[483,731]  [128, 175, 197]53.6936
坐标位置为：[484,731]  [132, 176, 199]60.6218
坐标位置为：[485,731]  [137, 181, 204]69.282
坐标位置为：[486,731]  [136, 181, 202]67.55
坐标位置为：[487,731]  [138, 181, 202]71.0141
坐标位置为：[488,731]  [143, 183, 202]79.6743
坐标位置为：[489,731]  [152, 190, 208]95.2628
坐标位置为：[490,731]  [157, 196, 211]103.923
坐标位置为：[491,731]  [156, 195, 210]102.191
坐标位置为：[492,731]  [158, 193, 207]105.655
坐标位置为：[493,731]  [165, 194, 209]117.779
坐标位置为：[494,731]  [177, 198, 213]138.564
坐标位置为：[495,731]  [185, 201, 214]152.42
坐标位置为：[496,731]  [184, 196, 208]150.688
坐标位置为：[497,731]  [183, 195, 205]148.956
坐标位置为：[498,731]  [180, 193, 201]143.76
坐标位置为：[499,731]  [186, 198, 202]154.153
坐标位置为：[500,731]  [194, 203, 206]168.009
坐标位置为：[501,731]  [209, 214, 215]193.99
坐标位置为：[502,731]  [247, 249, 249]259.808
坐标位置为：[503,731]  [255, 255, 255]273.664
坐标位置为：[504,731]  [254, 251, 253]271.932
坐标位置为：[505,731]  [252, 249, 251]268.468
坐标位置为：[506,731]  [236, 232, 237]240.755
坐标位置为：[507,731]  [210, 206, 211]195.722
坐标位置为：[508,731]  [202, 200, 206]181.865
坐标位置为：[509,731]  [201, 200, 209]180.133
坐标位置为：[510,731]  [197, 199, 209]173.205
坐标位置为：[511,731]  [191, 198, 207]162.813
坐标位置为：[512,731]  [189, 199, 209]159.349
坐标位置为：[513,731]  [182, 196, 208]147.224
坐标位置为：[514,731]  [175, 193, 204]135.1
坐标位置为：[515,731]  [173, 193, 204]131.636
坐标位置为：[516,731]  [171, 193, 205]128.172
坐标位置为：[517,731]  [173, 195, 207]131.636
坐标位置为：[518,731]  [169, 193, 205]124.708
坐标位置为：[519,731]  [167, 191, 203]121.244
坐标位置为：[520,731]  [165, 189, 201]117.779
坐标位置为：[521,731]  [167, 189, 201]121.244
坐标位置为：[522,731]  [171, 190, 203]128.172
坐标位置为：[523,731]  [176, 193, 206]136.832
坐标位置为：[524,731]  [181, 197, 210]145.492
坐标位置为：[525,731]  [187, 200, 214]155.885
坐标位置为：[526,731]  [190, 202, 214]161.081
坐标位置为：[527,731]  [195, 204, 217]169.741
坐标位置为：[528,731]  [195, 204, 214]169.741
坐标位置为：[529,731]  [194, 200, 211]168.009
坐标位置为：[530,731]  [195, 200, 209]169.741
坐标位置为：[531,731]  [196, 198, 208]171.473
坐标位置为：[532,731]  [196, 198, 206]171.473
坐标位置为：[533,731]  [198, 200, 208]174.937
坐标位置为：[534,731]  [197, 197, 203]173.205
坐标位置为：[535,731]  [197, 197, 203]173.205
坐标位置为：[536,731]  [197, 195, 201]173.205
坐标位置为：[537,731]  [197, 195, 201]173.205
坐标位置为：[538,731]  [200, 196, 201]178.401
坐标位置为：[539,731]  [200, 196, 201]178.401
坐标位置为：[540,731]  [197, 193, 198]173.205
坐标位置为：[541,731]  [195, 191, 196]169.741
坐标位置为：[542,731]  [193, 192, 196]166.277
坐标位置为：[543,731]  [198, 197, 201]174.937
坐标位置为：[544,731]  [204, 201, 203]185.329
坐标位置为：[545,731]  [210, 207, 209]195.722
坐标位置为：[546,731]  [218, 213, 214]209.578
坐标位置为：[547,731]  [218, 213, 212]209.578
坐标位置为：[548,731]  [223, 216, 213]218.238
坐标位置为：[549,731]  [234, 228, 223]237.291
坐标位置为：[550,731]  [242, 233, 229]251.147
坐标位置为：[551,731]  [246, 238, 231]258.076
坐标位置为：[552,731]  [247, 237, 230]259.808
坐标位置为：[553,731]  [244, 234, 227]254.611
坐标位置为：[554,731]  [246, 236, 229]258.076
坐标位置为：[555,731]  [248, 237, 229]261.54
坐标位置为：[556,731]  [246, 235, 227]258.076
坐标位置为：[557,731]  [246, 236, 226]258.076
坐标位置为：[558,731]  [245, 235, 225]256.344
坐标位置为：[559,731]  [245, 235, 225]256.344
坐标位置为：[560,731]  [246, 237, 224]258.076
坐标位置为：[561,731]  [248, 239, 226]261.54
坐标位置为：[562,731]  [252, 243, 229]268.468
坐标位置为：[563,731]  [253, 244, 230]270.2
坐标位置为：[564,731]  [252, 245, 230]268.468
坐标位置为：[565,731]  [252, 245, 230]268.468
坐标位置为：[566,731]  [250, 242, 225]265.004
坐标位置为：[567,731]  [249, 241, 224]263.272
坐标位置为：[568,731]  [250, 241, 227]265.004
坐标位置为：[569,731]  [249, 240, 226]263.272
坐标位置为：[570,731]  [248, 239, 226]261.54
坐标位置为：[571,731]  [247, 238, 225]259.808
坐标位置为：[572,731]  [247, 238, 225]259.808
坐标位置为：[573,731]  [247, 238, 225]259.808
坐标位置为：[574,731]  [247, 238, 225]259.808
坐标位置为：[575,731]  [248, 239, 226]261.54
坐标位置为：[576,731]  [247, 238, 225]259.808
坐标位置为：[577,731]  [245, 236, 223]256.344
坐标位置为：[578,731]  [247, 238, 224]259.808
坐标位置为：[579,731]  [250, 241, 227]265.004
坐标位置为：[580,731]  [252, 244, 227]268.468
坐标位置为：[581,731]  [252, 244, 227]268.468
坐标位置为：[582,731]  [251, 244, 225]266.736
坐标位置为：[583,731]  [252, 245, 226]268.468
坐标位置为：[584,731]  [252, 246, 227]268.468
坐标位置为：[585,731]  [251, 244, 227]266.736
坐标位置为：[586,731]  [249, 245, 227]263.272
坐标位置为：[587,731]  [250, 243, 226]265.004
坐标位置为：[588,731]  [250, 243, 224]265.004
坐标位置为：[589,731]  [249, 242, 222]263.272
坐标位置为：[590,731]  [252, 243, 223]268.468
坐标位置为：[591,731]  [253, 241, 223]270.2
坐标位置为：[592,731]  [252, 239, 223]268.468
坐标位置为：[593,731]  [247, 235, 223]259.808
坐标位置为：[594,731]  [244, 235, 226]254.611
坐标位置为：[595,731]  [233, 227, 222]235.559
坐标位置为：[596,731]  [224, 219, 218]219.97
坐标位置为：[597,731]  [203, 203, 209]183.597
坐标位置为：[598,731]  [186, 194, 207]154.153
坐标位置为：[599,731]  [172, 185, 201]129.904
坐标位置为：[600,731]  [164, 178, 196]116.047
坐标位置为：[601,731]  [160, 177, 196]109.119
坐标位置为：[602,731]  [154, 175, 197]98.7269
坐标位置为：[603,731]  [149, 173, 197]90.0666
坐标位置为：[604,731]  [143, 170, 197]79.6743
坐标位置为：[605,731]  [138, 168, 195]71.0141
坐标位置为：[606,731]  [135, 169, 198]65.8179
坐标位置为：[607,731]  [131, 168, 196]58.8897
坐标位置为：[608,731]  [124, 164, 192]46.7654
坐标位置为：[609,731]  [119, 162, 189]38.1051
坐标位置为：[610,731]  [118, 166, 190]36.3731
坐标位置为：[611,731]  [120, 170, 193]39.8372
坐标位置为：[612,731]  [120, 170, 193]39.8372
坐标位置为：[613,731]  [116, 168, 191]32.909
坐标位置为：[614,731]  [113, 168, 189]27.7128
坐标位置为：[615,731]  [116, 171, 192]32.909
坐标位置为：[616,731]  [117, 167, 189]34.641
坐标位置为：[617,731]  [113, 162, 184]27.7128
坐标位置为：[618,731]  [118, 162, 186]36.3731
坐标位置为：[619,731]  [120, 161, 186]39.8372
坐标位置为：[620,731]  [118, 159, 184]36.3731
坐标位置为：[621,731]  [119, 161, 184]38.1051
坐标位置为：[622,731]  [125, 166, 188]48.4974
坐标位置为：[623,731]  [130, 170, 189]57.1577
坐标位置为：[624,731]  [146, 180, 196]84.8705
坐标位置为：[625,731]  [156, 184, 195]102.191
坐标位置为：[626,731]  [168, 190, 196]122.976
坐标位置为：[627,731]  [199, 211, 215]176.669
坐标位置为：[628,731]  [235, 240, 241]239.023
坐标位置为：[629,731]  [240, 241, 239]247.683
坐标位置为：[630,731]  [246, 243, 239]258.076
坐标位置为：[631,731]  [252, 249, 245]268.468
坐标位置为：[632,731]  [254, 252, 252]271.932
坐标位置为：[633,731]  [201, 204, 209]180.133
坐标位置为：[634,731]  [159, 167, 180]107.387
坐标位置为：[635,731]  [159, 169, 186]107.387
坐标位置为：[636,731]  [157, 167, 185]103.923
坐标位置为：[637,731]  [167, 161, 172]121.244
坐标位置为：[638,731]  [175, 139, 133]135.1
坐标位置为：[639,731]  [168, 118, 90]122.976
坐标位置为：[640,731]  [153, 106, 50]96.9948
坐标位置为：[641,731]  [189, 154, 88]159.349
坐标位置为：[642,731]  [255, 252, 194]273.664
坐标位置为：[643,731]  [255, 254, 190]273.664
坐标位置为：[644,731]  [244, 221, 129]254.611
坐标位置为：[645,731]  [209, 170, 66]193.99
坐标位置为：[646,731]  [210, 157, 53]195.722
坐标位置为：[647,731]  [209, 148, 44]193.99
坐标位置为：[648,731]  [211, 149, 43]197.454
坐标位置为：[649,731]  [212, 150, 42]199.186
坐标位置为：[650,731]  [208, 145, 35]192.258
坐标位置为：[651,731]  [209, 146, 34]193.99
坐标位置为：[652,731]  [213, 150, 38]200.918
坐标位置为：[653,731]  [209, 146, 34]193.99
坐标位置为：[654,731]  [208, 148, 35]192.258
坐标位置为：[655,731]  [211, 151, 38]197.454
坐标位置为：[656,731]  [211, 151, 38]197.454
坐标位置为：[657,731]  [208, 148, 35]192.258
坐标位置为：[658,731]  [206, 146, 33]188.794
坐标位置为：[659,731]  [208, 148, 35]192.258
坐标位置为：[660,731]  [209, 149, 36]193.99
坐标位置为：[661,731]  [209, 149, 35]193.99
坐标位置为：[662,731]  [211, 152, 36]197.454
坐标位置为：[663,731]  [211, 152, 36]197.454
坐标位置为：[664,731]  [213, 154, 38]200.918
坐标位置为：[665,731]  [216, 158, 39]206.114
坐标位置为：[666,731]  [214, 158, 39]202.65
坐标位置为：[667,731]  [214, 158, 39]202.65
坐标位置为：[668,731]  [215, 160, 39]204.382
坐标位置为：[669,731]  [217, 162, 41]207.846
坐标位置为：[670,731]  [219, 167, 43]211.31
坐标位置为：[671,731]  [221, 169, 45]214.774
坐标位置为：[672,731]  [220, 169, 43]213.042
坐标位置为：[673,731]  [221, 170, 44]214.774
坐标位置为：[674,731]  [222, 171, 45]216.506
坐标位置为：[675,731]  [224, 173, 47]219.97
坐标位置为：[676,731]  [228, 177, 50]226.899
坐标位置为：[677,731]  [227, 176, 50]225.167
坐标位置为：[678,731]  [224, 170, 46]219.97
坐标位置为：[679,731]  [216, 162, 38]206.114
坐标位置为：[680,731]  [210, 155, 34]195.722
坐标位置为：[681,731]  [212, 157, 36]199.186
坐标位置为：[682,731]  [215, 160, 39]204.382
坐标位置为：[683,731]  [216, 161, 40]206.114
坐标位置为：[684,731]  [217, 162, 41]207.846
坐标位置为：[685,731]  [217, 162, 41]207.846
坐标位置为：[686,731]  [217, 162, 41]207.846
坐标位置为：[687,731]  [217, 163, 39]207.846
坐标位置为：[688,731]  [216, 162, 38]206.114
坐标位置为：[689,731]  [217, 163, 38]207.846
坐标位置为：[690,731]  [216, 165, 39]206.114
坐标位置为：[691,731]  [217, 166, 39]207.846
坐标位置为：[692,731]  [222, 171, 44]216.506
坐标位置为：[693,731]  [228, 178, 48]226.899
坐标位置为：[694,731]  [232, 183, 53]233.827
坐标位置为：[695,731]  [231, 182, 52]232.095
坐标位置为：[696,731]  [229, 180, 50]228.631
坐标位置为：[697,731]  [226, 177, 47]223.435
坐标位置为：[698,731]  [224, 175, 45]219.97
坐标位置为：[699,731]  [223, 174, 44]218.238
坐标位置为：[700,731]  [222, 173, 43]216.506
坐标位置为：[701,731]  [219, 170, 40]211.31
坐标位置为：[702,731]  [219, 170, 40]211.31
坐标位置为：[703,731]  [220, 171, 41]213.042
坐标位置为：[704,731]  [220, 171, 41]213.042
坐标位置为：[705,731]  [220, 171, 41]213.042
坐标位置为：[706,731]  [219, 170, 40]211.31
坐标位置为：[707,731]  [220, 171, 41]213.042
坐标位置为：[708,731]  [220, 171, 41]213.042
坐标位置为：[709,731]  [221, 172, 42]214.774
坐标位置为：[710,731]  [219, 170, 42]211.31
坐标位置为：[711,731]  [218, 169, 41]209.578
坐标位置为：[712,731]  [218, 169, 41]209.578
坐标位置为：[713,731]  [220, 171, 43]213.042
坐标位置为：[714,731]  [219, 170, 42]211.31
坐标位置为：[715,731]  [217, 168, 40]207.846
坐标位置为：[716,731]  [218, 167, 40]209.578
坐标位置为：[717,731]  [219, 168, 41]211.31
坐标位置为：[718,731]  [221, 168, 41]214.774
坐标位置为：[719,731]  [220, 167, 40]213.042
